MEME version 4.0

ALPHABET= ACDEFGHIKLMNPQRSTVWY

strands: + -

Background letter frequencies (from dataset without add-one prior applied):
A 0.081 C 0.014 D 0.041 E 0.041 F 0.056 G 0.083 H 0.030 I 0.016 K 0.022 L 0.068 M 0.019 N 0.036 P 0.123 Q 0.054 R 0.034 S 0.125 T 0.049 V 0.034 W 0.012 Y 0.060

MOTIF  1

BL   MOTIF 1 width=20 seqs=355
letter-probability matrix: alength= 20 w= 20 nsites= 322 E= 1
 0.000000  0.000000  0.000000  0.000000  0.000000  0.000000  0.000000  0.000000  0.000000  0.000000  0.000000  0.000000  0.000000  0.000000  0.000000  1.000000  0.000000  0.000000  0.000000  0.000000
 0.052795  0.000000  0.006211  0.021739  0.139752  0.077640  0.055901  0.000000  0.000000  0.000000  0.000000  0.003106  0.214286  0.040373  0.012422  0.142857  0.080745  0.000000  0.018634  0.133540
 0.080906  0.029126  0.022654  0.022654  0.000000  0.126214  0.000000  0.012945  0.038835  0.074434  0.035599  0.055016  0.181230  0.051780  0.019417  0.165049  0.016181  0.032362  0.003236  0.032362
 0.068323  0.062112  0.012422  0.040373  0.000000  0.133540  0.031056  0.009317  0.009317  0.052795  0.018634  0.055901  0.149068  0.049689  0.034161  0.189441  0.055901  0.000000  0.000000  0.027950
 0.083851  0.000000  0.031056  0.009317  0.000000  0.152174  0.021739  0.000000  0.006211  0.000000  0.003106  0.043478  0.239130  0.062112  0.009317  0.201863  0.086957  0.049689  0.000000  0.000000
 0.000000  0.000000  0.000000  0.000000  0.312500  0.000000  0.000000  0.000000  0.000000  0.135417  0.000000  0.000000  0.000000  0.000000  0.000000  0.000000  0.000000  0.000000  0.031250  0.520833
 0.124224  0.006211  0.000000  0.000000  0.186335  0.031056  0.012422  0.000000  0.000000  0.096273  0.000000  0.000000  0.000000  0.000000  0.000000  0.102484  0.074534  0.031056  0.065217  0.270186
 0.000000  0.000000  0.063492  0.000000  0.000000  0.000000  0.000000  0.000000  0.079365  0.000000  0.031746  0.000000  0.793651  0.000000  0.000000  0.000000  0.000000  0.031746  0.000000  0.000000
 0.055901  0.000000  0.055901  0.018634  0.000000  0.121118  0.068323  0.000000  0.015528  0.102484  0.000000  0.083851  0.208075  0.080745  0.000000  0.186335  0.003106  0.000000  0.000000  0.000000
 0.157205  0.013100  0.000000  0.039301  0.000000  0.161572  0.082969  0.000000  0.013100  0.000000  0.000000  0.061135  0.104803  0.026201  0.056769  0.183406  0.082969  0.017467  0.000000  0.000000
 0.080745  0.012422  0.040373  0.006211  0.046584  0.000000  0.074534  0.052795  0.012422  0.149068  0.027950  0.000000  0.189441  0.034161  0.071429  0.121118  0.003106  0.034161  0.000000  0.043478
 0.078292  0.000000  0.074733  0.056940  0.000000  0.103203  0.010676  0.000000  0.021352  0.000000  0.010676  0.024911  0.295374  0.074733  0.042705  0.149466  0.010676  0.000000  0.014235  0.032028
 0.080745  0.003106  0.027950  0.027950  0.086957  0.049689  0.034161  0.015528  0.018634  0.049689  0.000000  0.000000  0.136646  0.105590  0.040373  0.099379  0.096273  0.052795  0.000000  0.074534
 0.152174  0.052795  0.003106  0.062112  0.000000  0.006211  0.000000  0.000000  0.031056  0.099379  0.000000  0.040373  0.223602  0.065217  0.018634  0.127329  0.055901  0.000000  0.000000  0.062112
 0.074534  0.009317  0.046584  0.012422  0.037267  0.139752  0.024845  0.006211  0.012422  0.086957  0.012422  0.003106  0.177019  0.055901  0.006211  0.155280  0.031056  0.086957  0.015528  0.006211
 0.055901  0.009317  0.021739  0.006211  0.074534  0.000000  0.040373  0.006211  0.012422  0.180124  0.012422  0.027950  0.086957  0.139752  0.015528  0.118012  0.034161  0.006211  0.031056  0.121118
 0.096273  0.018634  0.049689  0.000000  0.043478  0.133540  0.059006  0.000000  0.015528  0.000000  0.000000  0.065217  0.204969  0.015528  0.009317  0.170807  0.040373  0.000000  0.000000  0.077640
 0.080745  0.009317  0.015528  0.003106  0.059006  0.027950  0.059006  0.003106  0.021739  0.052795  0.077640  0.031056  0.136646  0.031056  0.021739  0.105590  0.009317  0.046584  0.000000  0.208075
 0.083851  0.000000  0.080745  0.031056  0.105590  0.152174  0.059006  0.000000  0.000000  0.043478  0.000000  0.006211  0.108696  0.043478  0.000000  0.145963  0.027950  0.000000  0.009317  0.102484
 0.040373  0.003106  0.083851  0.043478  0.015528  0.114907  0.034161  0.000000  0.000000  0.031056  0.003106  0.012422  0.198758  0.139752  0.034161  0.142857  0.040373  0.000000  0.043478  0.018634

MOTIF  2

BL   MOTIF 2 width=20 seqs=355
letter-probability matrix: alength= 20 w= 20 nsites= 315 E= 1
 0.098413  0.044444  0.000000  0.019048  0.053968  0.012698  0.053968  0.006349  0.003175  0.006349  0.000000  0.053968  0.092063  0.120635  0.063492  0.190476  0.041270  0.034921  0.028571  0.076190
 0.044444  0.015873  0.025397  0.028571  0.000000  0.168254  0.000000  0.000000  0.000000  0.000000  0.000000  0.009524  0.320635  0.000000  0.000000  0.196825  0.044444  0.000000  0.000000  0.146032
 0.111111  0.028571  0.000000  0.034921  0.155556  0.066667  0.044444  0.006349  0.012698  0.034921  0.025397  0.038095  0.079365  0.053968  0.009524  0.079365  0.019048  0.012698  0.038095  0.149206
 0.190476  0.000000  0.000000  0.000000  0.092063  0.133333  0.000000  0.000000  0.000000  0.082540  0.028571  0.000000  0.215873  0.000000  0.000000  0.190476  0.019048  0.047619  0.000000  0.000000
 0.095238  0.000000  0.047619  0.022222  0.022222  0.009524  0.000000  0.015873  0.028571  0.180952  0.000000  0.038095  0.187302  0.053968  0.000000  0.146032  0.009524  0.031746  0.000000  0.111111
 0.076190  0.031746  0.057143  0.038095  0.034921  0.126984  0.085714  0.000000  0.003175  0.085714  0.000000  0.047619  0.095238  0.050794  0.019048  0.139683  0.025397  0.015873  0.000000  0.066667
 0.000000  0.000000  0.000000  0.000000  0.000000  0.000000  0.000000  0.036585  0.000000  0.060976  0.000000  0.000000  0.865854  0.000000  0.000000  0.036585  0.000000  0.000000  0.000000  0.000000
 0.000000  0.000000  0.066176  0.014706  0.000000  0.213235  0.014706  0.000000  0.014706  0.000000  0.000000  0.036765  0.000000  0.007353  0.007353  0.485294  0.014706  0.088235  0.000000  0.036765
 0.076190  0.012698  0.000000  0.000000  0.101587  0.000000  0.088889  0.041270  0.015873  0.095238  0.019048  0.000000  0.231746  0.076190  0.041270  0.073016  0.003175  0.006349  0.022222  0.095238
 0.173554  0.000000  0.057851  0.024793  0.000000  0.000000  0.041322  0.000000  0.012397  0.000000  0.000000  0.078512  0.272727  0.049587  0.033058  0.099174  0.148760  0.008264  0.000000  0.000000
 0.028571  0.025397  0.000000  0.015873  0.104762  0.120635  0.066667  0.006349  0.015873  0.085714  0.015873  0.000000  0.000000  0.000000  0.060317  0.222222  0.066667  0.069841  0.000000  0.095238
 0.079365  0.022222  0.006349  0.012698  0.000000  0.126984  0.028571  0.000000  0.019048  0.069841  0.000000  0.012698  0.212698  0.107937  0.034921  0.209524  0.047619  0.000000  0.003175  0.006349
 0.149123  0.000000  0.192982  0.105263  0.000000  0.043860  0.000000  0.000000  0.000000  0.078947  0.000000  0.000000  0.175439  0.087719  0.000000  0.000000  0.105263  0.000000  0.000000  0.061404
 0.041270  0.000000  0.015873  0.019048  0.019048  0.069841  0.038095  0.000000  0.031746  0.000000  0.082540  0.003175  0.184127  0.155556  0.079365  0.161905  0.095238  0.000000  0.000000  0.003175
 0.069841  0.000000  0.000000  0.022222  0.158730  0.063492  0.003175  0.000000  0.003175  0.073016  0.006349  0.006349  0.060317  0.041270  0.031746  0.088889  0.050794  0.069841  0.073016  0.177778
 0.000000  0.223881  0.014925  0.000000  0.000000  0.000000  0.000000  0.000000  0.000000  0.000000  0.000000  0.000000  0.761194  0.000000  0.000000  0.000000  0.000000  0.000000  0.000000  0.000000
 0.091954  0.000000  0.143678  0.011494  0.000000  0.195402  0.040230  0.000000  0.022989  0.160920  0.000000  0.028736  0.000000  0.028736  0.011494  0.264368  0.000000  0.000000  0.000000  0.000000
 0.111111  0.009524  0.000000  0.000000  0.123810  0.053968  0.057143  0.012698  0.000000  0.060317  0.000000  0.098413  0.187302  0.000000  0.000000  0.057143  0.025397  0.041270  0.022222  0.139683
 0.019048  0.000000  0.044444  0.044444  0.073016  0.158730  0.000000  0.015873  0.025397  0.092063  0.019048  0.006349  0.022222  0.092063  0.019048  0.120635  0.044444  0.022222  0.000000  0.180952
 0.066667  0.000000  0.057143  0.003175  0.000000  0.120635  0.025397  0.000000  0.000000  0.000000  0.000000  0.038095  0.269841  0.069841  0.000000  0.295238  0.047619  0.000000  0.000000  0.006349

MOTIF  3

BL   MOTIF 3 width=20 seqs=355
letter-probability matrix: alength= 20 w= 20 nsites= 305 E= 1
 0.019737  0.055921  0.000000  0.029605  0.095395  0.098684  0.009868  0.003289  0.032895  0.161184  0.029605  0.000000  0.154605  0.023026  0.036184  0.092105  0.000000  0.032895  0.000000  0.125000
 0.029508  0.006557  0.095082  0.062295  0.000000  0.140984  0.029508  0.000000  0.019672  0.045902  0.000000  0.032787  0.144262  0.072131  0.045902  0.160656  0.036066  0.000000  0.003279  0.075410
 0.101639  0.000000  0.032787  0.029508  0.137705  0.019672  0.000000  0.009836  0.000000  0.006557  0.000000  0.000000  0.432787  0.000000  0.000000  0.140984  0.085246  0.003279  0.000000  0.000000
 0.187500  0.000000  0.046875  0.000000  0.148438  0.093750  0.000000  0.007812  0.000000  0.007812  0.078125  0.039062  0.000000  0.031250  0.023438  0.078125  0.023438  0.085938  0.007812  0.140625
 0.110656  0.020492  0.008197  0.020492  0.045082  0.020492  0.090164  0.012295  0.020492  0.114754  0.004098  0.040984  0.094262  0.004098  0.040984  0.168033  0.024590  0.000000  0.040984  0.118852
 0.062706  0.000000  0.072607  0.003300  0.000000  0.138614  0.009901  0.000000  0.016502  0.000000  0.000000  0.016502  0.270627  0.138614  0.006601  0.108911  0.056106  0.039604  0.033003  0.026403
 0.077273  0.004545  0.013636  0.040909  0.072727  0.054545  0.095455  0.031818  0.000000  0.109091  0.036364  0.022727  0.063636  0.031818  0.068182  0.131818  0.059091  0.054545  0.018182  0.013636
 0.130435  0.047101  0.079710  0.014493  0.047101  0.097826  0.021739  0.014493  0.025362  0.000000  0.000000  0.021739  0.253623  0.057971  0.018116  0.119565  0.050725  0.000000  0.000000  0.000000
 0.088525  0.026230  0.013115  0.009836  0.026230  0.055738  0.000000  0.006557  0.000000  0.078689  0.036066  0.009836  0.072131  0.062295  0.036066  0.200000  0.055738  0.055738  0.000000  0.167213
 0.137705  0.000000  0.000000  0.026230  0.131148  0.203279  0.009836  0.003279  0.029508  0.088525  0.029508  0.019672  0.000000  0.013115  0.000000  0.196721  0.016393  0.095082  0.000000  0.000000
 0.078689  0.000000  0.088525  0.013115  0.049180  0.081967  0.026230  0.000000  0.009836  0.026230  0.009836  0.022951  0.186885  0.068852  0.062295  0.114754  0.029508  0.000000  0.009836  0.121311
 0.060606  0.013468  0.013468  0.037037  0.053872  0.124579  0.013468  0.000000  0.013468  0.047138  0.003367  0.063973  0.218855  0.074074  0.026936  0.121212  0.043771  0.000000  0.010101  0.060606
 0.099138  0.025862  0.060345  0.012931  0.021552  0.081897  0.034483  0.017241  0.030172  0.107759  0.017241  0.030172  0.107759  0.021552  0.051724  0.146552  0.043103  0.064655  0.017241  0.008621
 0.095406  0.017668  0.077739  0.024735  0.000000  0.123675  0.077739  0.003534  0.007067  0.063604  0.007067  0.035336  0.130742  0.077739  0.007067  0.095406  0.063604  0.000000  0.000000  0.091873
 0.135762  0.026490  0.043046  0.019868  0.023179  0.062914  0.000000  0.000000  0.000000  0.000000  0.016556  0.066225  0.264901  0.046358  0.006623  0.195364  0.062914  0.000000  0.000000  0.029801
 0.052459  0.003279  0.006557  0.013115  0.157377  0.078689  0.032787  0.022951  0.016393  0.111475  0.000000  0.006557  0.062295  0.009836  0.029508  0.111475  0.022951  0.042623  0.019672  0.200000
 0.108197  0.003279  0.006557  0.013115  0.104918  0.019672  0.022951  0.003279  0.000000  0.104918  0.000000  0.000000  0.308197  0.055738  0.000000  0.160656  0.065574  0.000000  0.000000  0.022951
 0.085246  0.000000  0.052459  0.022951  0.019672  0.081967  0.068852  0.003279  0.016393  0.045902  0.000000  0.006557  0.160656  0.032787  0.062295  0.200000  0.059016  0.032787  0.006557  0.042623
 0.095082  0.000000  0.000000  0.029508  0.075410  0.036066  0.026230  0.013115  0.019672  0.098361  0.026230  0.032787  0.121311  0.059016  0.032787  0.108197  0.075410  0.022951  0.016393  0.111475
 0.062295  0.000000  0.039344  0.062295  0.052459  0.154098  0.075410  0.009836  0.009836  0.045902  0.003279  0.009836  0.124590  0.065574  0.026230  0.157377  0.039344  0.013115  0.006557  0.042623

MOTIF  4

BL   MOTIF 4 width=20 seqs=355
letter-probability matrix: alength= 20 w= 20 nsites= 301 E= 1
 0.076667  0.000000  0.003333  0.026667  0.016667  0.106667  0.000000  0.006667  0.006667  0.090000  0.003333  0.000000  0.316667  0.043333  0.010000  0.170000  0.023333  0.010000  0.020000  0.070000
 0.000000  0.000000  0.025271  0.000000  0.032491  0.212996  0.000000  0.014440  0.000000  0.072202  0.003610  0.075812  0.054152  0.083032  0.032491  0.281588  0.061372  0.018051  0.007220  0.025271
 0.102990  0.063123  0.013289  0.006645  0.016611  0.076412  0.003322  0.023256  0.013289  0.126246  0.023256  0.009967  0.109635  0.063123  0.009967  0.129568  0.026578  0.000000  0.013289  0.169435
 0.180556  0.000000  0.013889  0.006944  0.034722  0.041667  0.097222  0.000000  0.000000  0.013889  0.000000  0.013889  0.180556  0.020833  0.034722  0.076389  0.000000  0.034722  0.069444  0.180556
 0.038062  0.010381  0.000000  0.076125  0.072664  0.107266  0.020761  0.003460  0.010381  0.000000  0.017301  0.027682  0.211073  0.010381  0.020761  0.235294  0.010381  0.062284  0.006920  0.058824
 0.093023  0.013289  0.036545  0.000000  0.109635  0.006645  0.003322  0.006645  0.000000  0.099668  0.026578  0.013289  0.172757  0.036545  0.019934  0.102990  0.053156  0.039867  0.023256  0.142857
 0.182131  0.000000  0.068729  0.006873  0.000000  0.161512  0.048110  0.000000  0.027491  0.000000  0.000000  0.020619  0.243986  0.044674  0.027491  0.082474  0.061856  0.000000  0.000000  0.024055
 0.102990  0.000000  0.000000  0.023256  0.000000  0.003322  0.102990  0.009967  0.013289  0.023256  0.013289  0.019934  0.378738  0.003322  0.016611  0.172757  0.003322  0.059801  0.000000  0.053156
 0.093878  0.000000  0.032653  0.024490  0.044898  0.175510  0.000000  0.020408  0.012245  0.065306  0.000000  0.028571  0.179592  0.085714  0.008163  0.175510  0.024490  0.008163  0.004082  0.016327
 0.086379  0.013289  0.059801  0.023256  0.016611  0.039867  0.009967  0.000000  0.003322  0.059801  0.000000  0.000000  0.186047  0.162791  0.086379  0.053156  0.093023  0.019934  0.006645  0.079734
 0.096346  0.046512  0.049834  0.003322  0.039867  0.172757  0.063123  0.036545  0.016611  0.056478  0.000000  0.029900  0.039867  0.039867  0.046512  0.136213  0.063123  0.059801  0.000000  0.003322
 0.000000  0.000000  0.000000  0.013245  0.092715  0.072848  0.000000  0.000000  0.006623  0.000000  0.079470  0.000000  0.384106  0.000000  0.039735  0.271523  0.039735  0.000000  0.000000  0.000000
 0.000000  0.007812  0.000000  0.000000  0.277344  0.000000  0.003906  0.000000  0.000000  0.105469  0.000000  0.000000  0.074219  0.000000  0.058594  0.121094  0.000000  0.023438  0.027344  0.300781
 0.099668  0.000000  0.056478  0.049834  0.009967  0.126246  0.036545  0.019934  0.029900  0.046512  0.033223  0.056478  0.083056  0.083056  0.036545  0.116279  0.079734  0.013289  0.003322  0.019934
 0.105072  0.000000  0.036232  0.014493  0.000000  0.134058  0.039855  0.007246  0.014493  0.050725  0.000000  0.076087  0.181159  0.094203  0.014493  0.144928  0.086957  0.000000  0.000000  0.000000
 0.079734  0.013289  0.023256  0.073090  0.036545  0.089701  0.016611  0.016611  0.013289  0.112957  0.000000  0.013289  0.209302  0.023256  0.006645  0.176080  0.059801  0.006645  0.000000  0.029900
 0.132890  0.000000  0.003322  0.000000  0.106312  0.013289  0.086379  0.000000  0.000000  0.013289  0.039867  0.023256  0.099668  0.039867  0.003322  0.166113  0.036545  0.006645  0.046512  0.182724
 0.066901  0.031690  0.042254  0.000000  0.080986  0.056338  0.045775  0.014085  0.000000  0.066901  0.000000  0.000000  0.165493  0.070423  0.045775  0.066901  0.049296  0.066901  0.014085  0.116197
 0.130000  0.000000  0.030000  0.013333  0.023333  0.113333  0.056667  0.000000  0.006667  0.100000  0.000000  0.083333  0.186667  0.050000  0.020000  0.126667  0.056667  0.000000  0.000000  0.003333
 0.073090  0.000000  0.069767  0.069767  0.029900  0.099668  0.003322  0.000000  0.000000  0.029900  0.009967  0.013289  0.222591  0.043189  0.059801  0.136213  0.003322  0.049834  0.000000  0.086379

MOTIF  5

BL   MOTIF 5 width=20 seqs=355
letter-probability matrix: alength= 20 w= 20 nsites= 317 E= 1
 0.120253  0.082278  0.050633  0.009494  0.003165  0.155063  0.098101  0.000000  0.000000  0.028481  0.000000  0.003165  0.025316  0.075949  0.006329  0.215190  0.063291  0.028481  0.000000  0.034810
 0.092937  0.000000  0.003717  0.037175  0.000000  0.059480  0.000000  0.000000  0.029740  0.026022  0.000000  0.029740  0.215613  0.007435  0.037175  0.256506  0.018587  0.003717  0.000000  0.182156
 0.080645  0.000000  0.012097  0.024194  0.193548  0.060484  0.036290  0.032258  0.004032  0.020161  0.056452  0.000000  0.209677  0.000000  0.000000  0.056452  0.008065  0.032258  0.028226  0.145161
 0.072993  0.000000  0.007299  0.051095  0.000000  0.145985  0.051095  0.000000  0.000000  0.000000  0.000000  0.007299  0.160584  0.109489  0.014599  0.065693  0.167883  0.029197  0.000000  0.116788
 0.194888  0.000000  0.044728  0.003195  0.169329  0.000000  0.067093  0.006390  0.000000  0.047923  0.038339  0.015974  0.134185  0.003195  0.022364  0.076677  0.015974  0.000000  0.015974  0.143770
 0.022059  0.022059  0.000000  0.095588  0.000000  0.000000  0.036765  0.080882  0.000000  0.154412  0.000000  0.014706  0.007353  0.110294  0.036765  0.176471  0.000000  0.139706  0.088235  0.014706
 0.069401  0.000000  0.012618  0.034700  0.000000  0.078864  0.034700  0.000000  0.034700  0.000000  0.000000  0.075710  0.350158  0.056782  0.000000  0.198738  0.037855  0.003155  0.000000  0.012618
 0.066246  0.000000  0.034700  0.025237  0.022082  0.116719  0.000000  0.003155  0.025237  0.072555  0.006309  0.056782  0.135647  0.028391  0.015773  0.211356  0.157729  0.000000  0.000000  0.022082
 0.207407  0.014815  0.000000  0.000000  0.162963  0.000000  0.022222  0.066667  0.000000  0.229630  0.000000  0.000000  0.022222  0.066667  0.037037  0.066667  0.029630  0.037037  0.022222  0.014815
 0.070866  0.000000  0.125984  0.015748  0.015748  0.157480  0.015748  0.000000  0.000000  0.000000  0.000000  0.023622  0.370079  0.000000  0.031496  0.070866  0.102362  0.000000  0.000000  0.000000
 0.107256  0.000000  0.063091  0.006309  0.028391  0.173502  0.000000  0.000000  0.022082  0.000000  0.018927  0.012618  0.223975  0.085174  0.012618  0.173502  0.047319  0.000000  0.003155  0.022082
 0.101523  0.035533  0.040609  0.035533  0.096447  0.025381  0.055838  0.020305  0.010152  0.091371  0.015228  0.055838  0.005076  0.015228  0.060914  0.000000  0.035533  0.172589  0.025381  0.101523
 0.078864  0.015773  0.003155  0.028391  0.088328  0.088328  0.022082  0.009464  0.006309  0.034700  0.000000  0.078864  0.056782  0.053628  0.034700  0.246057  0.047319  0.006309  0.003155  0.097792
 0.050473  0.000000  0.006309  0.000000  0.063091  0.104101  0.025237  0.018927  0.050473  0.107256  0.063091  0.009464  0.145110  0.000000  0.075710  0.157729  0.066246  0.031546  0.000000  0.025237
 0.066246  0.000000  0.050473  0.018927  0.003155  0.069401  0.056782  0.000000  0.006309  0.053628  0.000000  0.018927  0.173502  0.113565  0.031546  0.157729  0.037855  0.018927  0.000000  0.123028
 0.081967  0.009836  0.055738  0.022951  0.036066  0.118033  0.006557  0.006557  0.019672  0.032787  0.000000  0.009836  0.318033  0.052459  0.013115  0.157377  0.019672  0.006557  0.022951  0.009836
 0.094637  0.063091  0.047319  0.025237  0.082019  0.075710  0.006309  0.012618  0.012618  0.078864  0.018927  0.066246  0.041009  0.034700  0.015773  0.085174  0.041009  0.031546  0.044164  0.123028
 0.075710  0.006309  0.000000  0.000000  0.094637  0.119874  0.066246  0.015773  0.003155  0.138801  0.006309  0.031546  0.160883  0.012618  0.006309  0.167192  0.009464  0.031546  0.012618  0.041009
 0.054795  0.000000  0.106164  0.030822  0.023973  0.082192  0.044521  0.000000  0.000000  0.023973  0.000000  0.027397  0.226027  0.082192  0.041096  0.092466  0.075342  0.000000  0.000000  0.089041
 0.055921  0.016447  0.026316  0.052632  0.049342  0.016447  0.016447  0.006579  0.013158  0.111842  0.016447  0.029605  0.171053  0.085526  0.009868  0.138158  0.009868  0.023026  0.013158  0.138158

MOTIF  6

BL   MOTIF 6 width=20 seqs=355
letter-probability matrix: alength= 20 w= 20 nsites= 313 E= 1
 0.000000  0.000000  0.000000  0.000000  0.301887  0.000000  0.000000  0.000000  0.000000  0.154717  0.041509  0.000000  0.071698  0.000000  0.000000  0.000000  0.000000  0.064151  0.011321  0.354717
 0.092308  0.010256  0.056410  0.030769  0.010256  0.117949  0.041026  0.000000  0.030769  0.061538  0.000000  0.046154  0.220513  0.041026  0.015385  0.179487  0.030769  0.000000  0.000000  0.015385
 0.073482  0.003195  0.031949  0.041534  0.019169  0.134185  0.073482  0.009585  0.015974  0.000000  0.000000  0.031949  0.201278  0.086262  0.012780  0.099042  0.054313  0.057508  0.022364  0.031949
 0.178914  0.000000  0.019169  0.031949  0.057508  0.000000  0.057508  0.012780  0.003195  0.067093  0.038339  0.028754  0.214058  0.067093  0.012780  0.115016  0.073482  0.009585  0.003195  0.009585
 0.046512  0.069767  0.000000  0.031008  0.046512  0.069767  0.062016  0.007752  0.015504  0.178295  0.007752  0.007752  0.054264  0.069767  0.000000  0.062016  0.000000  0.108527  0.000000  0.162791
 0.051118  0.025559  0.025559  0.000000  0.041534  0.076677  0.000000  0.025559  0.003195  0.012780  0.012780  0.041534  0.217252  0.038339  0.015974  0.319489  0.035144  0.028754  0.012780  0.015974
 0.044728  0.000000  0.028754  0.051118  0.070288  0.047923  0.028754  0.000000  0.003195  0.028754  0.022364  0.054313  0.194888  0.092652  0.038339  0.207668  0.041534  0.000000  0.006390  0.038339
 0.075410  0.000000  0.036066  0.026230  0.088525  0.081967  0.045902  0.036066  0.003279  0.098361  0.000000  0.000000  0.177049  0.052459  0.013115  0.068852  0.068852  0.000000  0.009836  0.118033
 0.127451  0.019608  0.019608  0.029412  0.068627  0.094771  0.032680  0.013072  0.009804  0.091503  0.022876  0.013072  0.130719  0.016340  0.003268  0.104575  0.042484  0.062092  0.032680  0.065359
 0.041667  0.012821  0.067308  0.032051  0.016026  0.028846  0.019231  0.006410  0.022436  0.080128  0.016026  0.060897  0.221154  0.102564  0.009615  0.102564  0.035256  0.006410  0.000000  0.118590
 0.068404  0.035831  0.000000  0.039088  0.019544  0.231270  0.035831  0.019544  0.045603  0.000000  0.019544  0.087948  0.039088  0.081433  0.022801  0.195440  0.009772  0.039088  0.000000  0.009772
 0.115016  0.000000  0.015974  0.035144  0.000000  0.143770  0.025559  0.000000  0.000000  0.003195  0.000000  0.000000  0.274760  0.009585  0.057508  0.290735  0.022364  0.003195  0.000000  0.003195
 0.086262  0.003195  0.067093  0.006390  0.054313  0.099042  0.028754  0.006390  0.003195  0.054313  0.003195  0.028754  0.150160  0.019169  0.076677  0.156550  0.060703  0.019169  0.009585  0.067093
 0.152778  0.013889  0.013889  0.062500  0.013889  0.083333  0.041667  0.006944  0.020833  0.000000  0.020833  0.034722  0.180556  0.027778  0.048611  0.194444  0.048611  0.020833  0.000000  0.013889
 0.094595  0.000000  0.013514  0.000000  0.414414  0.000000  0.027027  0.000000  0.000000  0.000000  0.000000  0.000000  0.000000  0.000000  0.000000  0.000000  0.000000  0.067568  0.076577  0.306306
 0.084034  0.016807  0.008403  0.033613  0.037815  0.163866  0.029412  0.008403  0.012605  0.126050  0.004202  0.016807  0.096639  0.071429  0.021008  0.113445  0.058824  0.004202  0.000000  0.092437
 0.048193  0.000000  0.076305  0.028112  0.008032  0.072289  0.032129  0.000000  0.008032  0.048193  0.008032  0.052209  0.108434  0.084337  0.092369  0.228916  0.096386  0.008032  0.000000  0.000000
 0.093548  0.019355  0.006452  0.016129  0.048387  0.090323  0.035484  0.022581  0.012903  0.129032  0.041935  0.029032  0.151613  0.064516  0.032258  0.090323  0.100000  0.016129  0.000000  0.000000
 0.051613  0.009677  0.019355  0.000000  0.077419  0.058065  0.103226  0.006452  0.012903  0.119355  0.029032  0.019355  0.025806  0.035484  0.032258  0.174194  0.009677  0.029032  0.000000  0.187097
 0.031008  0.000000  0.015504  0.011628  0.000000  0.093023  0.000000  0.000000  0.027132  0.000000  0.000000  0.011628  0.325581  0.139535  0.011628  0.197674  0.054264  0.000000  0.054264  0.027132

MOTIF  7

BL   MOTIF 7 width=20 seqs=355
letter-probability matrix: alength= 20 w= 20 nsites= 327 E= 1
 0.146789  0.012232  0.000000  0.061162  0.091743  0.097859  0.042813  0.000000  0.000000  0.061162  0.018349  0.024465  0.067278  0.021407  0.027523  0.159021  0.103976  0.036697  0.000000  0.027523
 0.049342  0.000000  0.000000  0.013158  0.098684  0.082237  0.049342  0.023026  0.036184  0.134868  0.026316  0.000000  0.180921  0.052632  0.000000  0.006579  0.023026  0.023026  0.000000  0.200658
 0.024465  0.000000  0.067278  0.039755  0.018349  0.110092  0.009174  0.000000  0.015291  0.000000  0.003058  0.027523  0.299694  0.061162  0.079511  0.146789  0.070336  0.000000  0.006116  0.021407
 0.073394  0.039755  0.048930  0.024465  0.018349  0.140673  0.036697  0.003058  0.030581  0.003058  0.000000  0.094801  0.146789  0.061162  0.000000  0.137615  0.058104  0.021407  0.012232  0.048930
 0.067278  0.000000  0.009174  0.021407  0.137615  0.076453  0.048930  0.012232  0.003058  0.094801  0.033639  0.000000  0.195719  0.051988  0.006116  0.079511  0.055046  0.012232  0.000000  0.094801
 0.221106  0.000000  0.045226  0.010050  0.000000  0.115578  0.015075  0.005025  0.025126  0.000000  0.045226  0.025126  0.160804  0.025126  0.035176  0.201005  0.065327  0.000000  0.000000  0.005025
 0.036697  0.012232  0.000000  0.058104  0.131498  0.036697  0.000000  0.015291  0.006116  0.027523  0.000000  0.000000  0.232416  0.006116  0.000000  0.140673  0.027523  0.051988  0.024465  0.192661
 0.058824  0.012605  0.042017  0.021008  0.025210  0.100840  0.054622  0.008403  0.042017  0.000000  0.000000  0.084034  0.180672  0.071429  0.008403  0.252101  0.037815  0.000000  0.000000  0.000000
 0.079511  0.000000  0.039755  0.015291  0.039755  0.064220  0.015291  0.033639  0.024465  0.195719  0.048930  0.006116  0.048930  0.033639  0.070336  0.100917  0.045872  0.067278  0.018349  0.051988
 0.048930  0.009174  0.082569  0.051988  0.000000  0.030581  0.030581  0.000000  0.018349  0.024465  0.003058  0.070336  0.278287  0.088685  0.042813  0.180428  0.039755  0.000000  0.000000  0.000000
 0.078431  0.000000  0.039216  0.007843  0.007843  0.121569  0.000000  0.015686  0.000000  0.003922  0.000000  0.000000  0.247059  0.000000  0.011765  0.196078  0.094118  0.039216  0.000000  0.137255
 0.097859  0.070336  0.003058  0.006116  0.051988  0.076453  0.048930  0.030581  0.009174  0.119266  0.003058  0.033639  0.149847  0.030581  0.051988  0.091743  0.021407  0.018349  0.012232  0.073394
 0.155477  0.000000  0.038869  0.045936  0.035336  0.169611  0.035336  0.003534  0.024735  0.070671  0.045936  0.003534  0.049470  0.070671  0.031802  0.106007  0.045936  0.056537  0.003534  0.007067
 0.207254  0.000000  0.025907  0.025907  0.098446  0.020725  0.067358  0.041451  0.010363  0.000000  0.010363  0.119171  0.062176  0.134715  0.020725  0.077720  0.025907  0.020725  0.000000  0.031088
 0.055046  0.000000  0.061162  0.000000  0.045872  0.064220  0.027523  0.000000  0.000000  0.058104  0.000000  0.027523  0.149847  0.033639  0.061162  0.174312  0.033639  0.003058  0.051988  0.152905
 0.014019  0.000000  0.018692  0.018692  0.009346  0.154206  0.079439  0.000000  0.014019  0.093458  0.023364  0.018692  0.172897  0.060748  0.000000  0.257009  0.009346  0.056075  0.000000  0.000000
 0.024194  0.000000  0.032258  0.008065  0.197581  0.012097  0.004032  0.000000  0.008065  0.177419  0.016129  0.004032  0.024194  0.048387  0.032258  0.072581  0.020161  0.032258  0.000000  0.286290
 0.058104  0.000000  0.055046  0.039755  0.000000  0.162080  0.064220  0.012232  0.021407  0.000000  0.000000  0.009174  0.232416  0.103976  0.012232  0.107034  0.073394  0.003058  0.000000  0.045872
 0.150235  0.023474  0.061033  0.009390  0.000000  0.014085  0.000000  0.000000  0.009390  0.014085  0.014085  0.084507  0.352113  0.000000  0.009390  0.093897  0.004695  0.000000  0.000000  0.159624
 0.006116  0.012232  0.055046  0.030581  0.064220  0.143731  0.067278  0.000000  0.000000  0.024465  0.027523  0.012232  0.006116  0.082569  0.003058  0.321101  0.064220  0.006116  0.000000  0.073394

MOTIF  8

BL   MOTIF 8 width=20 seqs=355
letter-probability matrix: alength= 20 w= 20 nsites= 322 E= 1
 0.065217  0.069565  0.034783  0.000000  0.034783  0.078261  0.000000  0.021739  0.000000  0.091304  0.013043  0.078261  0.195652  0.108696  0.000000  0.147826  0.008696  0.043478  0.000000  0.008696
 0.127329  0.000000  0.024845  0.024845  0.040373  0.152174  0.049689  0.000000  0.009317  0.021739  0.009317  0.012422  0.118012  0.037267  0.046584  0.186335  0.071429  0.000000  0.003106  0.065217
 0.000000  0.000000  0.000000  0.000000  0.235110  0.078370  0.000000  0.000000  0.000000  0.018809  0.000000  0.000000  0.137931  0.000000  0.000000  0.012539  0.065831  0.043887  0.084639  0.322884
 0.071429  0.003106  0.012422  0.009317  0.074534  0.127329  0.000000  0.015528  0.003106  0.077640  0.024845  0.006211  0.189441  0.024845  0.015528  0.211180  0.012422  0.018634  0.009317  0.093168
 0.122257  0.003135  0.006270  0.021944  0.021944  0.106583  0.043887  0.000000  0.003135  0.084639  0.028213  0.078370  0.169279  0.040752  0.015674  0.081505  0.062696  0.050157  0.003135  0.056426
 0.052795  0.006211  0.068323  0.046584  0.009317  0.102484  0.049689  0.000000  0.012422  0.055901  0.018634  0.043478  0.204969  0.096273  0.046584  0.124224  0.055901  0.006211  0.000000  0.000000
 0.155280  0.000000  0.000000  0.012422  0.000000  0.260870  0.000000  0.000000  0.000000  0.031056  0.000000  0.000000  0.000000  0.055901  0.000000  0.459627  0.000000  0.024845  0.000000  0.000000
 0.228916  0.006024  0.036145  0.042169  0.000000  0.030120  0.066265  0.036145  0.006024  0.000000  0.000000  0.012048  0.186747  0.090361  0.012048  0.198795  0.042169  0.000000  0.006024  0.000000
 0.000000  0.000000  0.000000  0.000000  0.175532  0.000000  0.000000  0.015957  0.000000  0.138298  0.000000  0.000000  0.500000  0.000000  0.000000  0.000000  0.000000  0.010638  0.010638  0.148936
 0.104101  0.041009  0.037855  0.018927  0.000000  0.091483  0.053628  0.000000  0.044164  0.000000  0.000000  0.031546  0.173502  0.037855  0.044164  0.192429  0.069401  0.025237  0.000000  0.034700
 0.056106  0.000000  0.029703  0.042904  0.046205  0.089109  0.000000  0.009901  0.019802  0.099010  0.026403  0.036304  0.092409  0.059406  0.072607  0.165017  0.056106  0.075908  0.003300  0.019802
 0.000000  0.000000  0.000000  0.000000  0.341463  0.000000  0.170732  0.000000  0.000000  0.000000  0.097561  0.000000  0.000000  0.000000  0.000000  0.000000  0.000000  0.000000  0.000000  0.390244
 0.038835  0.004854  0.014563  0.033981  0.000000  0.106796  0.019417  0.000000  0.009709  0.077670  0.000000  0.043689  0.247573  0.165049  0.019417  0.184466  0.024272  0.009709  0.000000  0.000000
 0.034161  0.003106  0.080745  0.012422  0.000000  0.080745  0.009317  0.000000  0.009317  0.027950  0.003106  0.015528  0.282609  0.043478  0.080745  0.167702  0.108696  0.000000  0.000000  0.040373
 0.116364  0.014545  0.007273  0.047273  0.007273  0.054545  0.047273  0.010909  0.000000  0.101818  0.058182  0.007273  0.138182  0.109091  0.007273  0.141818  0.054545  0.021818  0.000000  0.054545
 0.149635  0.032847  0.032847  0.014599  0.029197  0.127737  0.021898  0.000000  0.021898  0.047445  0.000000  0.080292  0.149635  0.003650  0.018248  0.171533  0.076642  0.003650  0.018248  0.000000
 0.102484  0.000000  0.000000  0.000000  0.226708  0.000000  0.090062  0.021739  0.000000  0.077640  0.000000  0.000000  0.000000  0.000000  0.000000  0.034161  0.000000  0.003106  0.062112  0.381988
 0.131579  0.021930  0.096491  0.000000  0.000000  0.197368  0.000000  0.000000  0.000000  0.061404  0.013158  0.000000  0.350877  0.000000  0.000000  0.087719  0.039474  0.000000  0.000000  0.000000
 0.146104  0.000000  0.055195  0.051948  0.074675  0.051948  0.055195  0.000000  0.042208  0.032468  0.003247  0.051948  0.000000  0.110390  0.019481  0.181818  0.032468  0.038961  0.000000  0.051948
 0.108696  0.000000  0.034161  0.046584  0.021739  0.105590  0.015528  0.000000  0.000000  0.000000  0.000000  0.024845  0.270186  0.093168  0.000000  0.186335  0.040373  0.000000  0.006211  0.046584

MOTIF  9

BL   MOTIF 9 width=20 seqs=355
letter-probability matrix: alength= 20 w= 20 nsites= 328 E= 1
 0.051447  0.000000  0.025723  0.009646  0.080386  0.109325  0.012862  0.006431  0.012862  0.045016  0.025723  0.051447  0.144695  0.028939  0.009646  0.212219  0.041801  0.045016  0.009646  0.077170
 0.000000  0.000000  0.000000  0.000000  0.259146  0.000000  0.018293  0.000000  0.000000  0.161585  0.015244  0.000000  0.000000  0.000000  0.000000  0.009146  0.128049  0.054878  0.079268  0.274390
 0.125000  0.012195  0.045732  0.070122  0.000000  0.060976  0.057927  0.000000  0.003049  0.000000  0.000000  0.006098  0.326220  0.070122  0.006098  0.198171  0.006098  0.009146  0.000000  0.003049
 0.127907  0.000000  0.023256  0.000000  0.000000  0.052326  0.017442  0.000000  0.017442  0.000000  0.000000  0.029070  0.372093  0.058140  0.000000  0.209302  0.075581  0.017442  0.000000  0.000000
 0.076220  0.030488  0.051829  0.018293  0.048780  0.158537  0.064024  0.000000  0.039634  0.051829  0.003049  0.064024  0.149390  0.076220  0.027439  0.109756  0.000000  0.000000  0.000000  0.030488
 0.089686  0.000000  0.017937  0.022422  0.071749  0.013453  0.067265  0.040359  0.013453  0.022422  0.013453  0.000000  0.201794  0.000000  0.062780  0.197309  0.031390  0.058296  0.000000  0.076233
 0.166667  0.000000  0.000000  0.026316  0.052632  0.070175  0.008772  0.026316  0.000000  0.114035  0.021930  0.021930  0.043860  0.070175  0.052632  0.057018  0.087719  0.061404  0.017544  0.100877
 0.070122  0.012195  0.036585  0.009146  0.088415  0.012195  0.045732  0.006098  0.024390  0.079268  0.024390  0.027439  0.228659  0.021341  0.054878  0.112805  0.003049  0.024390  0.012195  0.106707
 0.014925  0.000000  0.014925  0.119403  0.000000  0.231343  0.007463  0.000000  0.022388  0.014925  0.000000  0.000000  0.171642  0.074627  0.134328  0.059701  0.134328  0.000000  0.000000  0.000000
 0.009554  0.000000  0.006369  0.019108  0.003185  0.070064  0.006369  0.000000  0.012739  0.009554  0.006369  0.009554  0.401274  0.098726  0.000000  0.140127  0.073248  0.063694  0.000000  0.070064
 0.112500  0.006250  0.012500  0.050000  0.125000  0.165625  0.000000  0.009375  0.003125  0.050000  0.018750  0.065625  0.084375  0.034375  0.006250  0.115625  0.050000  0.009375  0.000000  0.081250
 0.150307  0.000000  0.055215  0.042945  0.000000  0.098160  0.042945  0.000000  0.027607  0.049080  0.003067  0.021472  0.052147  0.039877  0.015337  0.248466  0.027607  0.039877  0.012270  0.073620
 0.027682  0.065744  0.051903  0.044983  0.000000  0.131488  0.048443  0.000000  0.041522  0.065744  0.000000  0.051903  0.072664  0.065744  0.024221  0.228374  0.044983  0.000000  0.024221  0.010381
 0.164634  0.000000  0.057927  0.024390  0.067073  0.067073  0.012195  0.021341  0.009146  0.085366  0.006098  0.000000  0.067073  0.000000  0.033537  0.161585  0.109756  0.033537  0.021341  0.057927
 0.023810  0.039683  0.095238  0.023810  0.174603  0.031746  0.111111  0.007937  0.000000  0.071429  0.007937  0.079365  0.015873  0.103175  0.000000  0.047619  0.031746  0.047619  0.000000  0.087302
 0.131098  0.003049  0.009146  0.000000  0.060976  0.021341  0.003049  0.003049  0.000000  0.036585  0.036585  0.000000  0.460366  0.073171  0.027439  0.024390  0.006098  0.003049  0.000000  0.100610
 0.094512  0.021341  0.021341  0.000000  0.079268  0.064024  0.067073  0.015244  0.012195  0.094512  0.024390  0.039634  0.006098  0.070122  0.000000  0.176829  0.054878  0.079268  0.003049  0.076220
 0.026882  0.026882  0.005376  0.010753  0.043011  0.048387  0.059140  0.005376  0.000000  0.123656  0.021505  0.005376  0.155914  0.048387  0.016129  0.225806  0.118280  0.000000  0.032258  0.026882
 0.099567  0.000000  0.000000  0.030303  0.051948  0.125541  0.017316  0.000000  0.021645  0.129870  0.004329  0.021645  0.160173  0.069264  0.030303  0.164502  0.021645  0.012987  0.004329  0.034632
 0.030488  0.006098  0.067073  0.006098  0.073171  0.021341  0.054878  0.009146  0.003049  0.006098  0.015244  0.021341  0.250000  0.158537  0.027439  0.045732  0.000000  0.009146  0.003049  0.192073

MOTIF  10

BL   MOTIF 10 width=20 seqs=355
letter-probability matrix: alength= 20 w= 20 nsites= 319 E= 1
 0.000000  0.000000  0.000000  0.040000  0.320000  0.000000  0.000000  0.240000  0.000000  0.320000  0.080000  0.000000  0.000000  0.000000  0.000000  0.000000  0.000000  0.000000  0.000000  0.000000
 0.024476  0.003497  0.000000  0.003497  0.167832  0.024476  0.027972  0.010490  0.000000  0.122378  0.038462  0.024476  0.038462  0.045455  0.003497  0.160839  0.006993  0.048951  0.006993  0.241259
 0.053292  0.000000  0.009404  0.103448  0.000000  0.206897  0.034483  0.000000  0.028213  0.000000  0.000000  0.043887  0.203762  0.075235  0.003135  0.072100  0.043887  0.018809  0.056426  0.047022
 0.059937  0.000000  0.056782  0.022082  0.034700  0.078864  0.037855  0.000000  0.003155  0.041009  0.000000  0.031546  0.151420  0.056782  0.022082  0.242902  0.053628  0.000000  0.000000  0.107256
 0.062992  0.094488  0.007874  0.011811  0.019685  0.133858  0.000000  0.011811  0.000000  0.122047  0.027559  0.015748  0.220472  0.043307  0.023622  0.051181  0.062992  0.015748  0.019685  0.055118
 0.149682  0.000000  0.089172  0.041401  0.044586  0.025478  0.095541  0.006369  0.000000  0.066879  0.009554  0.041401  0.000000  0.066879  0.041401  0.152866  0.073248  0.022293  0.012739  0.060510
 0.141935  0.000000  0.032258  0.038710  0.000000  0.083871  0.032258  0.000000  0.006452  0.000000  0.000000  0.012903  0.316129  0.000000  0.025806  0.193548  0.019355  0.032258  0.000000  0.064516
 0.003135  0.006270  0.000000  0.003135  0.197492  0.094044  0.043887  0.021944  0.021944  0.087774  0.025078  0.031348  0.241379  0.028213  0.009404  0.081505  0.053292  0.006270  0.000000  0.043887
 0.097179  0.015674  0.003135  0.015674  0.009404  0.000000  0.056426  0.034483  0.000000  0.084639  0.012539  0.015674  0.266458  0.034483  0.047022  0.106583  0.034483  0.068966  0.006270  0.090909
 0.072555  0.000000  0.097792  0.000000  0.028391  0.053628  0.000000  0.000000  0.000000  0.000000  0.000000  0.000000  0.394322  0.012618  0.000000  0.309148  0.000000  0.031546  0.000000  0.000000
 0.050584  0.000000  0.000000  0.015564  0.112840  0.007782  0.031128  0.007782  0.054475  0.085603  0.038911  0.000000  0.081712  0.120623  0.070039  0.073930  0.054475  0.070039  0.000000  0.124514
 0.067857  0.000000  0.150000  0.042857  0.000000  0.092857  0.003571  0.000000  0.007143  0.039286  0.000000  0.042857  0.271429  0.071429  0.003571  0.135714  0.017857  0.000000  0.000000  0.053571
 0.106583  0.009404  0.015674  0.018809  0.075235  0.081505  0.025078  0.031348  0.018809  0.084639  0.053292  0.000000  0.128527  0.043887  0.015674  0.153605  0.084639  0.006270  0.012539  0.034483
