MEME version 4.0

ALPHABET= ACDEFGHIKLMNPQRSTVWY

strands: + -

Background letter frequencies (from dataset without add-one prior applied):
A 0.082 C 0.008 D 0.047 E 0.087 F 0.010 G 0.091 H 0.021 I 0.014 K 0.059 L 0.055 M 0.009 N 0.024 P 0.147 Q 0.049 R 0.073 S 0.122 T 0.057 V 0.031 W 0.006 Y 0.009

MOTIF  1

BL   MOTIF 1 width=20 seqs=500
letter-probability matrix: alength= 20 w= 20 nsites= 485 E= 1
 0.092784  0.000000  0.018557  0.138144  0.000000  0.111340  0.057732  0.000000  0.041237  0.000000  0.000000  0.014433  0.202062  0.018557  0.032990  0.189691  0.080412  0.000000  0.000000  0.002062
 0.045361  0.000000  0.030928  0.119588  0.006186  0.127835  0.000000  0.000000  0.047423  0.006186  0.000000  0.000000  0.282474  0.049485  0.061856  0.181443  0.041237  0.000000  0.000000  0.000000
 0.065979  0.000000  0.045361  0.148454  0.000000  0.131959  0.045361  0.000000  0.084536  0.000000  0.000000  0.006186  0.197938  0.047423  0.082474  0.111340  0.010309  0.016495  0.000000  0.006186
 0.117526  0.043299  0.016495  0.041237  0.020619  0.072165  0.000000  0.032990  0.047423  0.063918  0.008247  0.008247  0.090722  0.055670  0.092784  0.230928  0.043299  0.000000  0.014433  0.000000
 0.022680  0.010309  0.037113  0.101031  0.000000  0.000000  0.020619  0.000000  0.086598  0.084536  0.006186  0.002062  0.276289  0.189691  0.115464  0.004124  0.002062  0.041237  0.000000  0.000000
 0.178899  0.000000  0.027523  0.000000  0.000000  0.293578  0.032110  0.004587  0.000000  0.000000  0.000000  0.041284  0.000000  0.000000  0.114679  0.247706  0.059633  0.000000  0.000000  0.000000
 0.008247  0.012371  0.000000  0.111340  0.016495  0.024742  0.022680  0.000000  0.032990  0.030928  0.000000  0.000000  0.321649  0.037113  0.179381  0.125773  0.024742  0.047423  0.000000  0.004124
 0.123967  0.000000  0.013774  0.159780  0.000000  0.123967  0.000000  0.000000  0.085399  0.046832  0.033058  0.024793  0.000000  0.126722  0.019284  0.176309  0.022039  0.044077  0.000000  0.000000
 0.070103  0.000000  0.059794  0.129897  0.000000  0.090722  0.022680  0.000000  0.043299  0.113402  0.000000  0.022680  0.303093  0.000000  0.032990  0.032990  0.051546  0.026804  0.000000  0.000000
 0.000000  0.000000  0.000000  0.134021  0.010309  0.140206  0.026804  0.000000  0.002062  0.063918  0.000000  0.020619  0.255670  0.063918  0.080412  0.111340  0.061856  0.000000  0.028866  0.000000
 0.235052  0.000000  0.055670  0.109278  0.000000  0.074227  0.008247  0.000000  0.051546  0.002062  0.004124  0.049485  0.208247  0.006186  0.053608  0.138144  0.000000  0.000000  0.004124  0.000000
 0.123711  0.002062  0.012371  0.032990  0.004124  0.078351  0.047423  0.006186  0.000000  0.150515  0.010309  0.020619  0.177320  0.082474  0.004124  0.136082  0.065979  0.037113  0.000000  0.008247
 0.024742  0.004124  0.030928  0.024742  0.000000  0.121649  0.000000  0.000000  0.045361  0.000000  0.000000  0.000000  0.191753  0.053608  0.109278  0.288660  0.086598  0.018557  0.000000  0.000000
 0.117526  0.004124  0.028866  0.070103  0.000000  0.096907  0.000000  0.000000  0.008247  0.037113  0.000000  0.000000  0.189691  0.111340  0.101031  0.169072  0.065979  0.000000  0.000000  0.000000
 0.032990  0.000000  0.057732  0.119588  0.000000  0.177320  0.037113  0.000000  0.055670  0.000000  0.000000  0.000000  0.193814  0.043299  0.039175  0.237113  0.002062  0.000000  0.000000  0.004124
 0.123711  0.000000  0.039175  0.117526  0.000000  0.000000  0.000000  0.000000  0.063918  0.000000  0.000000  0.000000  0.237113  0.092784  0.098969  0.101031  0.125773  0.000000  0.000000  0.000000
 0.055670  0.024742  0.088660  0.101031  0.000000  0.125773  0.024742  0.000000  0.043299  0.000000  0.000000  0.004124  0.265979  0.002062  0.098969  0.103093  0.061856  0.000000  0.000000  0.000000
 0.047423  0.000000  0.057732  0.020619  0.000000  0.140206  0.026804  0.006186  0.057732  0.041237  0.030928  0.020619  0.148454  0.088660  0.136082  0.070103  0.057732  0.049485  0.000000  0.000000
 0.045361  0.000000  0.002062  0.156701  0.010309  0.055670  0.026804  0.000000  0.018557  0.084536  0.000000  0.000000  0.278351  0.024742  0.088660  0.171134  0.016495  0.000000  0.014433  0.006186
 0.167010  0.000000  0.045361  0.070103  0.000000  0.000000  0.008247  0.008247  0.020619  0.018557  0.000000  0.000000  0.247423  0.107216  0.113402  0.146392  0.047423  0.000000  0.000000  0.000000

MOTIF  2

BL   MOTIF 2 width=20 seqs=500
letter-probability matrix: alength= 20 w= 20 nsites= 482 E= 1
 0.074689  0.002075  0.000000  0.153527  0.000000  0.060166  0.033195  0.000000  0.089212  0.043568  0.000000  0.000000  0.244813  0.033195  0.070539  0.141079  0.031120  0.000000  0.022822  0.000000
 0.091286  0.000000  0.033195  0.114108  0.000000  0.087137  0.029046  0.020747  0.037344  0.000000  0.000000  0.014523  0.186722  0.016598  0.149378  0.195021  0.018672  0.000000  0.000000  0.006224
 0.099585  0.012448  0.016598  0.016598  0.000000  0.163900  0.002075  0.022822  0.043568  0.078838  0.000000  0.026971  0.114108  0.082988  0.008299  0.217842  0.074689  0.018672  0.000000  0.000000
 0.031120  0.004149  0.020747  0.120332  0.004149  0.068465  0.026971  0.000000  0.024896  0.000000  0.000000  0.022822  0.371369  0.058091  0.087137  0.066390  0.064315  0.022822  0.000000  0.006224
 0.024896  0.000000  0.024896  0.120332  0.051867  0.122407  0.006224  0.004149  0.107884  0.039419  0.018672  0.000000  0.132780  0.026971  0.145228  0.147303  0.026971  0.000000  0.000000  0.000000
 0.089212  0.000000  0.037344  0.097510  0.000000  0.056017  0.000000  0.000000  0.078838  0.045643  0.000000  0.006224  0.238589  0.053942  0.056017  0.097510  0.103734  0.039419  0.000000  0.000000
 0.122407  0.010373  0.049793  0.085062  0.000000  0.097510  0.064315  0.000000  0.041494  0.033195  0.000000  0.010373  0.122407  0.078838  0.136929  0.109959  0.014523  0.022822  0.000000  0.000000
 0.060166  0.000000  0.010373  0.101660  0.000000  0.114108  0.020747  0.000000  0.035270  0.041494  0.000000  0.014523  0.217842  0.101660  0.095436  0.068465  0.078838  0.039419  0.000000  0.000000
 0.110294  0.000000  0.024510  0.058824  0.000000  0.159314  0.022059  0.000000  0.041667  0.012255  0.000000  0.009804  0.105392  0.044118  0.080882  0.281863  0.036765  0.009804  0.002451  0.000000
 0.087137  0.006224  0.022822  0.134855  0.016598  0.066390  0.020747  0.039419  0.000000  0.082988  0.002075  0.000000  0.246888  0.031120  0.043568  0.082988  0.031120  0.045643  0.031120  0.008299
 0.076763  0.000000  0.016598  0.101660  0.000000  0.170124  0.014523  0.000000  0.031120  0.033195  0.000000  0.020747  0.093361  0.053942  0.080913  0.184647  0.070539  0.035270  0.016598  0.000000
 0.185268  0.024554  0.058036  0.022321  0.000000  0.006696  0.015625  0.011161  0.046875  0.055804  0.042411  0.006696  0.203125  0.042411  0.015625  0.191964  0.062500  0.000000  0.000000  0.008929
 0.128631  0.000000  0.008299  0.114108  0.000000  0.195021  0.016598  0.000000  0.010373  0.037344  0.012448  0.035270  0.114108  0.109959  0.101660  0.105809  0.010373  0.000000  0.000000  0.000000
 0.093361  0.000000  0.002075  0.128631  0.004149  0.049793  0.016598  0.010373  0.074689  0.000000  0.012448  0.006224  0.269710  0.082988  0.035270  0.145228  0.058091  0.000000  0.000000  0.010373
 0.074689  0.035270  0.043568  0.070539  0.020747  0.091286  0.022822  0.002075  0.049793  0.112033  0.006224  0.000000  0.174274  0.066390  0.093361  0.080913  0.020747  0.033195  0.002075  0.000000
 0.012448  0.000000  0.014523  0.002075  0.000000  0.147303  0.006224  0.000000  0.033195  0.000000  0.000000  0.010373  0.336100  0.016598  0.099585  0.199170  0.122407  0.000000  0.000000  0.000000
 0.118257  0.000000  0.074689  0.026971  0.000000  0.000000  0.000000  0.000000  0.049793  0.000000  0.000000  0.000000  0.315353  0.093361  0.109959  0.209544  0.000000  0.002075  0.000000  0.000000
 0.012448  0.000000  0.010373  0.078838  0.000000  0.213693  0.000000  0.000000  0.078838  0.000000  0.000000  0.014523  0.319502  0.022822  0.101660  0.105809  0.041494  0.000000  0.000000  0.000000
 0.026971  0.000000  0.058091  0.170124  0.000000  0.000000  0.012448  0.000000  0.060166  0.000000  0.002075  0.006224  0.128631  0.064315  0.176349  0.230290  0.058091  0.006224  0.000000  0.000000
 0.172199  0.000000  0.016598  0.149378  0.000000  0.122407  0.002075  0.000000  0.000000  0.004149  0.000000  0.041494  0.334025  0.033195  0.089212  0.012448  0.016598  0.000000  0.000000  0.006224

MOTIF  3

BL   MOTIF 3 width=20 seqs=500
letter-probability matrix: alength= 20 w= 20 nsites= 487 E= 1
 0.036961  0.000000  0.000000  0.100616  0.000000  0.112936  0.000000  0.000000  0.069815  0.000000  0.000000  0.000000  0.381930  0.000000  0.047228  0.250513  0.000000  0.000000  0.000000  0.000000
 0.055441  0.004107  0.047228  0.209446  0.000000  0.073922  0.002053  0.010267  0.036961  0.024641  0.000000  0.002053  0.190965  0.057495  0.102669  0.129363  0.053388  0.000000  0.000000  0.000000
 0.047619  0.002381  0.004762  0.052381  0.002381  0.104762  0.014286  0.007143  0.054762  0.040476  0.007143  0.026190  0.123810  0.080952  0.150000  0.159524  0.057143  0.033333  0.026190  0.004762
 0.065909  0.034091  0.020455  0.140909  0.036364  0.002273  0.009091  0.000000  0.090909  0.075000  0.000000  0.004545  0.209091  0.081818  0.131818  0.077273  0.020455  0.000000  0.000000  0.000000
 0.206557  0.000000  0.022951  0.072131  0.000000  0.216393  0.045902  0.009836  0.075410  0.052459  0.000000  0.026230  0.124590  0.052459  0.065574  0.022951  0.006557  0.000000  0.000000  0.000000
 0.117043  0.000000  0.022587  0.000000  0.004107  0.151951  0.000000  0.000000  0.008214  0.000000  0.000000  0.008214  0.139630  0.034908  0.041068  0.340862  0.092402  0.034908  0.004107  0.000000
 0.091241  0.014599  0.069343  0.054745  0.007299  0.047445  0.025547  0.000000  0.029197  0.000000  0.010949  0.018248  0.317518  0.047445  0.113139  0.138686  0.000000  0.014599  0.000000  0.000000
 0.075789  0.002105  0.021053  0.160000  0.021053  0.031579  0.042105  0.000000  0.054737  0.075789  0.008421  0.014737  0.206316  0.040000  0.016842  0.126316  0.035789  0.067368  0.000000  0.000000
 0.053388  0.000000  0.016427  0.024641  0.034908  0.127310  0.036961  0.000000  0.010267  0.104723  0.002053  0.000000  0.141684  0.045175  0.156057  0.106776  0.063655  0.067762  0.008214  0.000000
 0.108830  0.000000  0.008214  0.082136  0.000000  0.102669  0.008214  0.000000  0.082136  0.067762  0.000000  0.049281  0.314168  0.034908  0.036961  0.094456  0.008214  0.000000  0.000000  0.002053
 0.160858  0.016086  0.037534  0.091153  0.000000  0.021448  0.008043  0.045576  0.021448  0.072386  0.005362  0.005362  0.163539  0.096515  0.126005  0.048257  0.061662  0.010724  0.008043  0.000000
 0.104822  0.002096  0.041929  0.125786  0.000000  0.111111  0.027254  0.002096  0.025157  0.012579  0.006289  0.012579  0.222222  0.079665  0.088050  0.134172  0.004193  0.000000  0.000000  0.000000
 0.020576  0.012346  0.043210  0.088477  0.000000  0.074074  0.026749  0.000000  0.061728  0.016461  0.000000  0.022634  0.222222  0.020576  0.065844  0.220165  0.098765  0.000000  0.000000  0.006173
 0.134228  0.000000  0.044743  0.044743  0.000000  0.042506  0.000000  0.000000  0.029083  0.029083  0.000000  0.013423  0.272931  0.064877  0.042506  0.183445  0.082774  0.006711  0.008949  0.000000
 0.053908  0.000000  0.010782  0.134771  0.000000  0.037736  0.000000  0.005391  0.035040  0.061995  0.000000  0.005391  0.258760  0.099730  0.080863  0.021563  0.172507  0.021563  0.000000  0.000000
 0.131250  0.016667  0.064583  0.093750  0.000000  0.156250  0.029167  0.012500  0.027083  0.012500  0.000000  0.014583  0.245833  0.066667  0.066667  0.029167  0.018750  0.010417  0.000000  0.004167
 0.154341  0.019293  0.028939  0.012862  0.051447  0.090032  0.025723  0.006431  0.000000  0.067524  0.032154  0.000000  0.057878  0.000000  0.012862  0.221865  0.096463  0.096463  0.003215  0.022508
 0.088296  0.000000  0.041068  0.112936  0.000000  0.063655  0.057495  0.002053  0.049281  0.002053  0.000000  0.012320  0.242300  0.041068  0.096509  0.151951  0.039014  0.000000  0.000000  0.000000
 0.086242  0.000000  0.090349  0.075975  0.000000  0.166324  0.004107  0.000000  0.063655  0.000000  0.002053  0.010267  0.119097  0.137577  0.106776  0.094456  0.034908  0.002053  0.006160  0.000000
 0.053388  0.000000  0.041068  0.129363  0.000000  0.108830  0.000000  0.000000  0.123203  0.034908  0.000000  0.018480  0.211499  0.010267  0.065708  0.096509  0.059548  0.047228  0.000000  0.000000

MOTIF  4

BL   MOTIF 4 width=20 seqs=500
letter-probability matrix: alength= 20 w= 20 nsites= 491 E= 1
 0.071429  0.000000  0.016484  0.098901  0.005495  0.076923  0.002747  0.000000  0.049451  0.000000  0.000000  0.024725  0.329670  0.035714  0.000000  0.241758  0.021978  0.024725  0.000000  0.000000
 0.054990  0.000000  0.022403  0.179226  0.002037  0.116090  0.038697  0.016293  0.044807  0.010183  0.000000  0.020367  0.228106  0.046843  0.079430  0.059063  0.046843  0.034623  0.000000  0.000000
 0.044898  0.000000  0.055102  0.053061  0.000000  0.142857  0.004082  0.000000  0.085714  0.000000  0.016327  0.018367  0.183673  0.046939  0.034694  0.306122  0.002041  0.000000  0.000000  0.006122
 0.152749  0.000000  0.046843  0.107943  0.010183  0.075356  0.002037  0.006110  0.044807  0.034623  0.000000  0.018330  0.207739  0.075356  0.040733  0.122200  0.052953  0.000000  0.000000  0.002037
 0.030550  0.000000  0.030550  0.087576  0.000000  0.085540  0.046843  0.000000  0.089613  0.000000  0.000000  0.018330  0.073320  0.097760  0.154786  0.158859  0.071283  0.046843  0.008147  0.000000
 0.038062  0.020761  0.072664  0.114187  0.041522  0.110727  0.000000  0.000000  0.089965  0.034602  0.000000  0.034602  0.103806  0.065744  0.155709  0.076125  0.017301  0.024221  0.000000  0.000000
 0.182353  0.005882  0.011765  0.061765  0.011765  0.067647  0.002941  0.032353  0.000000  0.117647  0.011765  0.000000  0.194118  0.044118  0.011765  0.114706  0.044118  0.047059  0.020588  0.017647
 0.033126  0.000000  0.101449  0.157350  0.000000  0.132505  0.000000  0.004141  0.068323  0.000000  0.000000  0.002070  0.252588  0.101449  0.031056  0.002070  0.113872  0.000000  0.000000  0.000000
 0.079430  0.000000  0.022403  0.071283  0.000000  0.040733  0.026477  0.000000  0.057026  0.004073  0.000000  0.028513  0.256619  0.052953  0.054990  0.193483  0.087576  0.024440  0.000000  0.000000
 0.020349  0.000000  0.014535  0.238372  0.005814  0.136628  0.000000  0.000000  0.040698  0.005814  0.000000  0.005814  0.212209  0.002907  0.058140  0.180233  0.029070  0.049419  0.000000  0.000000
 0.152749  0.008147  0.016293  0.061100  0.018330  0.126273  0.002037  0.004073  0.069246  0.095723  0.016293  0.012220  0.126273  0.024440  0.105906  0.154786  0.006110  0.000000  0.000000  0.000000
 0.000000  0.078571  0.007143  0.407143  0.000000  0.000000  0.000000  0.000000  0.000000  0.000000  0.000000  0.057143  0.242857  0.092857  0.000000  0.021429  0.092857  0.000000  0.000000  0.000000
 0.103870  0.000000  0.010183  0.101833  0.008147  0.028513  0.026477  0.012220  0.083503  0.109980  0.000000  0.014257  0.226069  0.054990  0.040733  0.077393  0.050916  0.038697  0.006110  0.006110
 0.101833  0.000000  0.038697  0.083503  0.000000  0.118126  0.046843  0.000000  0.004073  0.065173  0.014257  0.008147  0.105906  0.034623  0.063136  0.187373  0.054990  0.040733  0.002037  0.030550
 0.169388  0.000000  0.051020  0.073469  0.000000  0.075510  0.026531  0.000000  0.028571  0.000000  0.000000  0.004082  0.216327  0.089796  0.028571  0.175510  0.053061  0.004082  0.000000  0.004082
 0.022403  0.000000  0.028513  0.095723  0.000000  0.101833  0.008147  0.010183  0.071283  0.048880  0.000000  0.004073  0.209776  0.067210  0.138493  0.150713  0.038697  0.004073  0.000000  0.000000
 0.096509  0.000000  0.147844  0.117043  0.000000  0.082136  0.002053  0.000000  0.032854  0.002053  0.002053  0.002053  0.248460  0.061602  0.082136  0.071869  0.051335  0.000000  0.000000  0.000000
 0.048880  0.010183  0.028513  0.105906  0.000000  0.022403  0.000000  0.000000  0.116090  0.046843  0.000000  0.004073  0.219959  0.048880  0.083503  0.164969  0.073320  0.024440  0.002037  0.000000
 0.092664  0.000000  0.038610  0.027027  0.019305  0.115830  0.000000  0.000000  0.027027  0.000000  0.000000  0.050193  0.154440  0.127413  0.154440  0.169884  0.003861  0.019305  0.000000  0.000000
 0.114053  0.004073  0.114053  0.063136  0.002037  0.059063  0.038697  0.000000  0.044807  0.075356  0.000000  0.022403  0.224033  0.059063  0.075356  0.057026  0.044807  0.000000  0.000000  0.002037

MOTIF  5

BL   MOTIF 5 width=20 seqs=500
letter-probability matrix: alength= 20 w= 20 nsites= 477 E= 1
 0.106918  0.000000  0.000000  0.000000  0.000000  0.000000  0.018868  0.000000  0.035639  0.010482  0.000000  0.000000  0.324948  0.000000  0.161426  0.253669  0.071279  0.016771  0.000000  0.000000
 0.136268  0.012579  0.029350  0.083857  0.000000  0.140461  0.020964  0.000000  0.018868  0.031447  0.000000  0.006289  0.073375  0.085954  0.092243  0.218029  0.012579  0.035639  0.002096  0.000000
 0.103723  0.000000  0.058511  0.212766  0.000000  0.045213  0.000000  0.007979  0.077128  0.007979  0.000000  0.005319  0.441489  0.002660  0.005319  0.005319  0.021277  0.002660  0.000000  0.002660
 0.145110  0.000000  0.050473  0.012618  0.009464  0.167192  0.018927  0.000000  0.113565  0.003155  0.003155  0.022082  0.091483  0.006309  0.063091  0.274448  0.003155  0.015773  0.000000  0.000000
 0.073529  0.000000  0.079412  0.100000  0.000000  0.102941  0.000000  0.002941  0.105882  0.000000  0.000000  0.035294  0.247059  0.026471  0.076471  0.005882  0.102941  0.041176  0.000000  0.000000
 0.067568  0.000000  0.027027  0.040541  0.000000  0.013514  0.000000  0.000000  0.162162  0.000000  0.013514  0.000000  0.000000  0.243243  0.351351  0.081081  0.000000  0.000000  0.000000  0.000000
 0.081761  0.008386  0.037736  0.056604  0.008386  0.073375  0.008386  0.033543  0.071279  0.111111  0.014675  0.020964  0.140461  0.035639  0.058700  0.194969  0.037736  0.002096  0.000000  0.004193
 0.053996  0.000000  0.056156  0.185745  0.000000  0.025918  0.006479  0.000000  0.038877  0.045356  0.010799  0.012959  0.248380  0.064795  0.071274  0.077754  0.077754  0.023758  0.000000  0.000000
 0.079665  0.006289  0.002096  0.054507  0.008386  0.140461  0.010482  0.002096  0.008386  0.056604  0.023061  0.027254  0.167715  0.050314  0.031447  0.209644  0.052411  0.033543  0.006289  0.029350
 0.060797  0.006289  0.039832  0.117400  0.000000  0.092243  0.025157  0.000000  0.041929  0.041929  0.000000  0.010482  0.188679  0.064990  0.071279  0.113208  0.083857  0.000000  0.033543  0.008386
 0.096436  0.000000  0.004193  0.109015  0.000000  0.096436  0.023061  0.000000  0.075472  0.062893  0.002096  0.012579  0.155136  0.121593  0.058700  0.178197  0.000000  0.000000  0.000000  0.004193
 0.069328  0.000000  0.042017  0.153361  0.000000  0.004202  0.010504  0.027311  0.056723  0.021008  0.000000  0.000000  0.325630  0.046218  0.119748  0.027311  0.063025  0.033613  0.000000  0.000000
 0.075472  0.000000  0.016771  0.106918  0.010482  0.167715  0.016771  0.002096  0.060797  0.012579  0.000000  0.027254  0.182390  0.056604  0.085954  0.125786  0.048218  0.000000  0.000000  0.004193
 0.020661  0.000000  0.041322  0.119835  0.000000  0.000000  0.020661  0.000000  0.066116  0.103306  0.020661  0.008264  0.194215  0.049587  0.028926  0.239669  0.033058  0.053719  0.000000  0.000000
 0.077568  0.010482  0.000000  0.025157  0.010482  0.134172  0.000000  0.008386  0.018868  0.054507  0.014675  0.000000  0.146751  0.079665  0.142558  0.146751  0.098532  0.016771  0.010482  0.004193
 0.090147  0.000000  0.033543  0.052411  0.002096  0.165618  0.020964  0.000000  0.016771  0.000000  0.012579  0.002096  0.341719  0.025157  0.031447  0.161426  0.012579  0.025157  0.006289  0.000000
 0.072210  0.006565  0.021882  0.070022  0.000000  0.113786  0.006565  0.000000  0.052516  0.000000  0.000000  0.008753  0.253829  0.102845  0.144420  0.074398  0.041575  0.024070  0.000000  0.006565
 0.150862  0.000000  0.017241  0.066810  0.000000  0.116379  0.010776  0.015086  0.047414  0.047414  0.002155  0.019397  0.068966  0.025862  0.094828  0.232759  0.036638  0.043103  0.004310  0.000000
 0.102725  0.000000  0.000000  0.096436  0.000000  0.079665  0.000000  0.010482  0.000000  0.058700  0.000000  0.000000  0.480084  0.000000  0.067086  0.064990  0.039832  0.000000  0.000000  0.000000
 0.171694  0.002320  0.044084  0.150812  0.000000  0.000000  0.000000  0.000000  0.097448  0.030162  0.000000  0.018561  0.120650  0.083527  0.127610  0.104408  0.048724  0.000000  0.000000  0.000000

MOTIF  6

BL   MOTIF 6 width=20 seqs=500
letter-probability matrix: alength= 20 w= 20 nsites= 497 E= 1
 0.111369  0.000000  0.004640  0.000000  0.000000  0.006961  0.000000  0.000000  0.000000  0.000000  0.000000  0.000000  0.466357  0.104408  0.000000  0.206497  0.099768  0.000000  0.000000  0.000000
 0.076459  0.000000  0.002012  0.152918  0.000000  0.072435  0.022133  0.002012  0.022133  0.012072  0.002012  0.002012  0.048290  0.116700  0.078471  0.261569  0.070423  0.058350  0.000000  0.000000
 0.052314  0.000000  0.040241  0.112676  0.000000  0.128773  0.002012  0.000000  0.094567  0.028169  0.000000  0.016097  0.289738  0.000000  0.066398  0.120724  0.048290  0.000000  0.000000  0.000000
 0.083893  0.023490  0.016779  0.046980  0.016779  0.000000  0.000000  0.036913  0.000000  0.036913  0.000000  0.000000  0.265101  0.030201  0.224832  0.077181  0.087248  0.040268  0.010067  0.003356
 0.000000  0.003311  0.029801  0.132450  0.000000  0.185430  0.000000  0.000000  0.112583  0.023179  0.000000  0.016556  0.082781  0.016556  0.000000  0.271523  0.115894  0.000000  0.009934  0.000000
 0.185567  0.010309  0.051546  0.075601  0.000000  0.054983  0.085911  0.013746  0.006873  0.079038  0.017182  0.034364  0.209622  0.034364  0.024055  0.075601  0.010309  0.017182  0.000000  0.013746
 0.025263  0.002105  0.033684  0.061053  0.010526  0.092632  0.000000  0.000000  0.010526  0.008421  0.000000  0.018947  0.105263  0.240000  0.128421  0.197895  0.065263  0.000000  0.000000  0.000000
 0.068441  0.026616  0.000000  0.121673  0.026616  0.114068  0.057034  0.019011  0.000000  0.148289  0.030418  0.015209  0.285171  0.003802  0.003802  0.011407  0.007605  0.060837  0.000000  0.000000
 0.128773  0.006036  0.034205  0.098592  0.000000  0.146881  0.016097  0.006036  0.036217  0.020121  0.000000  0.014085  0.090543  0.020121  0.110664  0.189135  0.046278  0.008048  0.024145  0.004024
 0.079518  0.000000  0.012048  0.142169  0.000000  0.000000  0.019277  0.019277  0.098795  0.014458  0.038554  0.002410  0.534940  0.007229  0.009639  0.021687  0.000000  0.000000  0.000000  0.000000
 0.057692  0.014957  0.032051  0.111111  0.000000  0.130342  0.017094  0.000000  0.081197  0.079060  0.000000  0.025641  0.130342  0.072650  0.021368  0.158120  0.068376  0.000000  0.000000  0.000000
 0.016878  0.000000  0.046414  0.090717  0.000000  0.078059  0.010549  0.000000  0.018987  0.002110  0.008439  0.033755  0.362869  0.069620  0.101266  0.097046  0.048523  0.012658  0.000000  0.002110
 0.156942  0.000000  0.046278  0.092555  0.002012  0.148893  0.028169  0.000000  0.082495  0.000000  0.000000  0.010060  0.160966  0.032193  0.080483  0.100604  0.056338  0.000000  0.000000  0.002012
 0.176768  0.000000  0.000000  0.111111  0.000000  0.136364  0.000000  0.000000  0.000000  0.010101  0.000000  0.010101  0.191919  0.000000  0.000000  0.116162  0.126263  0.121212  0.000000  0.000000
 0.058350  0.000000  0.044266  0.094567  0.016097  0.038229  0.018109  0.016097  0.060362  0.090543  0.008048  0.018109  0.229376  0.058350  0.030181  0.171026  0.036217  0.002012  0.000000  0.010060
 0.223796  0.014164  0.019830  0.067989  0.016997  0.141643  0.031161  0.000000  0.070822  0.000000  0.000000  0.008499  0.000000  0.104816  0.090652  0.155807  0.022663  0.008499  0.000000  0.022663
 0.092555  0.010060  0.048290  0.126761  0.016097  0.110664  0.012072  0.000000  0.040241  0.036217  0.020121  0.002012  0.233400  0.004024  0.056338  0.104628  0.080483  0.000000  0.006036  0.000000
 0.064386  0.000000  0.050302  0.110664  0.000000  0.000000  0.024145  0.000000  0.114688  0.052314  0.000000  0.000000  0.195171  0.086519  0.132797  0.140845  0.006036  0.016097  0.000000  0.006036
 0.113734  0.000000  0.060086  0.160944  0.006438  0.017167  0.002146  0.012876  0.004292  0.036481  0.000000  0.000000  0.000000  0.030043  0.214592  0.143777  0.148069  0.049356  0.000000  0.000000
 0.132797  0.000000  0.020121  0.148893  0.000000  0.183099  0.024145  0.000000  0.042254  0.026157  0.000000  0.030181  0.177062  0.064386  0.042254  0.104628  0.000000  0.000000  0.004024  0.000000

MOTIF  7

BL   MOTIF 7 width=20 seqs=500
letter-probability matrix: alength= 20 w= 20 nsites= 487 E= 1
 0.020534  0.000000  0.080082  0.114990  0.000000  0.080082  0.041068  0.008214  0.061602  0.002053  0.000000  0.036961  0.244353  0.028747  0.047228  0.211499  0.010267  0.008214  0.000000  0.004107
 0.143737  0.026694  0.028747  0.000000  0.020534  0.000000  0.030801  0.006160  0.010267  0.143737  0.010267  0.014374  0.055441  0.086242  0.084189  0.205339  0.041068  0.075975  0.012320  0.004107
 0.068783  0.007937  0.042328  0.166667  0.000000  0.029101  0.015873  0.000000  0.018519  0.000000  0.000000  0.047619  0.370370  0.047619  0.010582  0.153439  0.021164  0.000000  0.000000  0.000000
 0.057803  0.000000  0.023121  0.130058  0.014451  0.130058  0.046243  0.017341  0.057803  0.000000  0.005780  0.002890  0.089595  0.060694  0.130058  0.112717  0.095376  0.002890  0.023121  0.000000
 0.067762  0.016427  0.030801  0.071869  0.000000  0.123203  0.002053  0.000000  0.080082  0.053388  0.000000  0.030801  0.186858  0.049281  0.018480  0.219713  0.047228  0.000000  0.002053  0.000000
 0.026694  0.012320  0.008214  0.131417  0.000000  0.051335  0.024641  0.000000  0.020534  0.036961  0.004107  0.014374  0.219713  0.075975  0.117043  0.141684  0.110883  0.004107  0.000000  0.000000
 0.011407  0.000000  0.000000  0.117871  0.007605  0.045627  0.000000  0.026616  0.163498  0.060837  0.022814  0.034221  0.000000  0.030418  0.193916  0.186312  0.072243  0.022814  0.000000  0.003802
 0.094650  0.000000  0.000000  0.162551  0.000000  0.074074  0.000000  0.014403  0.045267  0.000000  0.000000  0.000000  0.547325  0.004115  0.016461  0.037037  0.000000  0.000000  0.004115  0.000000
 0.000000  0.000000  0.019900  0.149254  0.000000  0.092040  0.044776  0.000000  0.062189  0.000000  0.000000  0.004975  0.151741  0.119403  0.092040  0.136816  0.052239  0.074627  0.000000  0.000000
 0.195745  0.000000  0.017021  0.204255  0.000000  0.000000  0.004255  0.000000  0.029787  0.000000  0.021277  0.000000  0.217021  0.076596  0.187234  0.029787  0.012766  0.004255  0.000000  0.000000
 0.050420  0.000000  0.018908  0.126050  0.010504  0.060924  0.018908  0.000000  0.037815  0.050420  0.000000  0.027311  0.218487  0.063025  0.134454  0.052521  0.100840  0.021008  0.000000  0.008403
 0.235294  0.000000  0.000000  0.000000  0.000000  0.284314  0.000000  0.000000  0.084967  0.055556  0.000000  0.000000  0.000000  0.000000  0.000000  0.294118  0.003268  0.042484  0.000000  0.000000
 0.099174  0.002066  0.037190  0.051653  0.004132  0.092975  0.024793  0.006198  0.004132  0.047521  0.041322  0.004132  0.264463  0.055785  0.051653  0.177686  0.030992  0.000000  0.002066  0.002066
 0.125257  0.000000  0.016427  0.106776  0.004107  0.094456  0.004107  0.002053  0.026694  0.006160  0.000000  0.030801  0.127310  0.024641  0.084189  0.271047  0.039014  0.030801  0.000000  0.006160
 0.143737  0.000000  0.075975  0.080082  0.004107  0.049281  0.002053  0.004107  0.026694  0.063655  0.014374  0.004107  0.117043  0.096509  0.049281  0.129363  0.112936  0.022587  0.004107  0.000000
 0.053763  0.000000  0.036559  0.058065  0.000000  0.180645  0.004301  0.000000  0.027957  0.000000  0.002151  0.008602  0.298925  0.075269  0.090323  0.103226  0.053763  0.006452  0.000000  0.000000
 0.139630  0.026694  0.059548  0.094456  0.000000  0.061602  0.002053  0.002053  0.078029  0.016427  0.000000  0.014374  0.114990  0.125257  0.082136  0.100616  0.063655  0.006160  0.002053  0.010267
 0.082857  0.000000  0.017143  0.022857  0.028571  0.188571  0.028571  0.008571  0.040000  0.122857  0.002857  0.014286  0.222857  0.031429  0.042857  0.020000  0.060000  0.060000  0.002857  0.002857
 0.170833  0.000000  0.004167  0.058333  0.000000  0.000000  0.000000  0.006250  0.050000  0.014583  0.002083  0.010417  0.243750  0.050000  0.095833  0.237500  0.031250  0.025000  0.000000  0.000000
 0.008230  0.000000  0.051440  0.117284  0.004115  0.100823  0.002058  0.000000  0.090535  0.028807  0.000000  0.020576  0.218107  0.043210  0.146091  0.113169  0.032922  0.016461  0.000000  0.006173

MOTIF  8

BL   MOTIF 8 width=20 seqs=500
letter-probability matrix: alength= 20 w= 20 nsites= 490 E= 1
 0.289474  0.000000  0.046784  0.172515  0.000000  0.064327  0.005848  0.000000  0.002924  0.000000  0.000000  0.011696  0.005848  0.032164  0.242690  0.093567  0.005848  0.026316  0.000000  0.000000
 0.010373  0.006224  0.043568  0.095436  0.000000  0.112033  0.000000  0.000000  0.082988  0.020747  0.006224  0.031120  0.197095  0.066390  0.101660  0.165975  0.060166  0.000000  0.000000  0.000000
 0.182004  0.012270  0.000000  0.075665  0.002045  0.036810  0.000000  0.014315  0.024540  0.096115  0.004090  0.002045  0.157464  0.014315  0.067485  0.182004  0.040900  0.059305  0.020450  0.008180
 0.022774  0.000000  0.028986  0.051760  0.014493  0.111801  0.035197  0.000000  0.060041  0.016563  0.000000  0.022774  0.306418  0.045549  0.107660  0.144928  0.020704  0.006211  0.000000  0.004141
 0.002045  0.000000  0.071575  0.106339  0.000000  0.141104  0.038855  0.000000  0.100204  0.030675  0.002045  0.034765  0.153374  0.055215  0.034765  0.124744  0.094070  0.008180  0.000000  0.002045
 0.155620  0.000000  0.000000  0.000000  0.000000  0.152738  0.000000  0.000000  0.000000  0.043228  0.000000  0.000000  0.455331  0.000000  0.000000  0.193084  0.000000  0.000000  0.000000  0.000000
 0.068041  0.035052  0.037113  0.121649  0.000000  0.082474  0.065979  0.002062  0.074227  0.010309  0.018557  0.014433  0.140206  0.057732  0.086598  0.134021  0.028866  0.018557  0.000000  0.004124
 0.080000  0.000000  0.044211  0.067368  0.000000  0.000000  0.000000  0.018947  0.029474  0.035789  0.014737  0.035789  0.193684  0.098947  0.115789  0.212632  0.048421  0.004211  0.000000  0.000000
 0.081818  0.000000  0.000000  0.122727  0.000000  0.054545  0.004545  0.006818  0.122727  0.106818  0.000000  0.004545  0.140909  0.093182  0.134091  0.065909  0.045455  0.015909  0.000000  0.000000
 0.059072  0.002110  0.050633  0.109705  0.004219  0.124473  0.006329  0.000000  0.027426  0.002110  0.000000  0.012658  0.202532  0.033755  0.132911  0.166667  0.065401  0.000000  0.000000  0.000000
 0.109504  0.000000  0.024793  0.148760  0.037190  0.084711  0.002066  0.041322  0.041322  0.080579  0.018595  0.012397  0.097107  0.099174  0.082645  0.024793  0.033058  0.028926  0.030992  0.002066
 0.173789  0.002849  0.008547  0.105413  0.000000  0.148148  0.051282  0.000000  0.045584  0.074074  0.000000  0.037037  0.153846  0.054131  0.051282  0.042735  0.045584  0.005698  0.000000  0.000000
 0.038877  0.000000  0.101512  0.123110  0.000000  0.021598  0.051836  0.000000  0.051836  0.028078  0.000000  0.008639  0.205184  0.051836  0.036717  0.198704  0.082073  0.000000  0.000000  0.000000
 0.153061  0.006122  0.040816  0.014286  0.004082  0.189796  0.022449  0.000000  0.010204  0.004082  0.012245  0.004082  0.175510  0.008163  0.018367  0.189796  0.104082  0.036735  0.006122  0.000000
 0.061224  0.000000  0.002041  0.093878  0.000000  0.000000  0.030612  0.000000  0.059184  0.148980  0.004082  0.012245  0.138776  0.097959  0.146939  0.165306  0.006122  0.024490  0.000000  0.008163
 0.080537  0.000000  0.008949  0.096197  0.000000  0.131991  0.015660  0.000000  0.008949  0.000000  0.006711  0.008949  0.232662  0.100671  0.134228  0.058166  0.098434  0.011186  0.000000  0.006711
 0.081678  0.000000  0.030905  0.000000  0.000000  0.167770  0.000000  0.000000  0.019868  0.019868  0.000000  0.000000  0.470199  0.000000  0.000000  0.150110  0.039735  0.000000  0.000000  0.019868
 0.061224  0.000000  0.079592  0.089796  0.002041  0.100000  0.018367  0.000000  0.028571  0.000000  0.000000  0.014286  0.202041  0.053061  0.093878  0.175510  0.079592  0.000000  0.000000  0.002041
 0.228758  0.000000  0.000000  0.065359  0.000000  0.108932  0.000000  0.000000  0.000000  0.000000  0.010893  0.000000  0.254902  0.000000  0.000000  0.272331  0.006536  0.052288  0.000000  0.000000
 0.024540  0.000000  0.044990  0.098160  0.008180  0.102249  0.000000  0.000000  0.092025  0.000000  0.000000  0.006135  0.206544  0.100204  0.098160  0.130879  0.083845  0.000000  0.004090  0.000000

MOTIF  9

BL   MOTIF 9 width=20 seqs=500
letter-probability matrix: alength= 20 w= 20 nsites= 491 E= 1
 0.110512  0.000000  0.045822  0.185984  0.000000  0.078167  0.040431  0.010782  0.078167  0.072776  0.000000  0.013477  0.000000  0.010782  0.145553  0.145553  0.040431  0.013477  0.005391  0.002695
 0.046843  0.000000  0.036660  0.061100  0.000000  0.150713  0.004073  0.006110  0.067210  0.016293  0.000000  0.004073  0.283096  0.077393  0.067210  0.175153  0.004073  0.000000  0.000000  0.000000
 0.092213  0.000000  0.010246  0.243852  0.000000  0.069672  0.024590  0.000000  0.028689  0.034836  0.000000  0.016393  0.200820  0.024590  0.092213  0.102459  0.036885  0.022541  0.000000  0.000000
 0.030550  0.000000  0.004073  0.124236  0.002037  0.132383  0.000000  0.000000  0.087576  0.000000  0.000000  0.020367  0.217923  0.002037  0.114053  0.191446  0.063136  0.010183  0.000000  0.000000
 0.083503  0.000000  0.063136  0.069246  0.032587  0.189409  0.026477  0.000000  0.026477  0.000000  0.000000  0.059063  0.189409  0.026477  0.032587  0.181263  0.020367  0.000000  0.000000  0.000000
 0.034623  0.000000  0.008147  0.093686  0.000000  0.000000  0.000000  0.002037  0.083503  0.046843  0.000000  0.008147  0.264766  0.073320  0.081466  0.164969  0.103870  0.032587  0.000000  0.002037
 0.182927  0.024390  0.029268  0.063415  0.000000  0.095122  0.019512  0.000000  0.073171  0.060976  0.000000  0.041463  0.195122  0.029268  0.092683  0.075610  0.012195  0.000000  0.000000  0.004878
 0.122449  0.004082  0.008163  0.065306  0.006122  0.079592  0.004082  0.000000  0.075510  0.061224  0.000000  0.022449  0.151020  0.097959  0.079592  0.120408  0.095918  0.000000  0.000000  0.006122
 0.034409  0.000000  0.019355  0.105376  0.010753  0.133333  0.043011  0.000000  0.040860  0.004301  0.004301  0.023656  0.333333  0.030108  0.019355  0.148387  0.043011  0.000000  0.006452  0.000000
 0.116090  0.004073  0.028513  0.085540  0.026477  0.134420  0.054990  0.018330  0.020367  0.095723  0.006110  0.000000  0.101833  0.050916  0.010183  0.199593  0.026477  0.010183  0.010183  0.000000
 0.075356  0.000000  0.032587  0.107943  0.000000  0.012220  0.040733  0.000000  0.069246  0.081466  0.000000  0.008147  0.177189  0.073320  0.146640  0.099796  0.034623  0.032587  0.000000  0.008147
 0.032787  0.012295  0.055328  0.065574  0.000000  0.196721  0.016393  0.000000  0.059426  0.020492  0.000000  0.014344  0.112705  0.088115  0.153689  0.073770  0.061475  0.004098  0.026639  0.006148
 0.109980  0.000000  0.048880  0.138493  0.000000  0.050916  0.006110  0.000000  0.044807  0.046843  0.004073  0.022403  0.160896  0.042770  0.071283  0.156823  0.091650  0.000000  0.000000  0.004073
 0.136456  0.000000  0.054990  0.075356  0.002037  0.114053  0.002037  0.014257  0.063136  0.067210  0.000000  0.012220  0.244399  0.046843  0.067210  0.071283  0.026477  0.000000  0.000000  0.002037
 0.086207  0.000000  0.031034  0.148276  0.000000  0.000000  0.044828  0.003448  0.037931  0.034483  0.027586  0.006897  0.006897  0.082759  0.131034  0.196552  0.113793  0.027586  0.000000  0.020690
 0.066667  0.029167  0.004167  0.064583  0.008333  0.145833  0.020833  0.000000  0.004167  0.008333  0.000000  0.002083  0.295833  0.002083  0.120833  0.185417  0.000000  0.014583  0.020833  0.006250
 0.055363  0.006920  0.003460  0.103806  0.000000  0.010381  0.062284  0.027682  0.086505  0.238754  0.006920  0.000000  0.124567  0.107266  0.000000  0.055363  0.107266  0.003460  0.000000  0.000000
 0.099796  0.000000  0.087576  0.052953  0.000000  0.032587  0.008147  0.000000  0.036660  0.000000  0.000000  0.002037  0.209776  0.118126  0.116090  0.164969  0.042770  0.028513  0.000000  0.000000
 0.036660  0.006110  0.059063  0.097760  0.000000  0.085540  0.004073  0.000000  0.024440  0.000000  0.000000  0.028513  0.344196  0.020367  0.073320  0.203666  0.012220  0.000000  0.000000  0.004073
 0.094907  0.000000  0.053241  0.115741  0.000000  0.087963  0.000000  0.000000  0.074074  0.009259  0.000000  0.000000  0.231481  0.013889  0.076389  0.173611  0.002315  0.067130  0.000000  0.000000

MOTIF  10

BL   MOTIF 10 width=20 seqs=500
letter-probability matrix: alength= 20 w= 20 nsites= 475 E= 1
 0.204211  0.000000  0.000000  0.000000  0.002105  0.233684  0.000000  0.002105  0.050526  0.098947  0.002105  0.000000  0.004211  0.052632  0.000000  0.334737  0.012632  0.000000  0.000000  0.002105
 0.003040  0.000000  0.057751  0.173252  0.000000  0.003040  0.039514  0.006079  0.057751  0.000000  0.000000  0.012158  0.270517  0.115502  0.142857  0.051672  0.060790  0.000000  0.000000  0.006079
 0.022099  0.033149  0.035912  0.140884  0.011050  0.019337  0.011050  0.000000  0.035912  0.000000  0.000000  0.038674  0.046961  0.088398  0.113260  0.248619  0.146409  0.000000  0.002762  0.005525
 0.138947  0.002105  0.046316  0.058947  0.000000  0.138947  0.054737  0.000000  0.006316  0.092632  0.000000  0.025263  0.210526  0.018947  0.046316  0.138947  0.021053  0.000000  0.000000  0.000000
 0.043956  0.007326  0.003663  0.102564  0.000000  0.146520  0.014652  0.032967  0.058608  0.073260  0.007326  0.018315  0.124542  0.190476  0.029304  0.069597  0.003663  0.073260  0.000000  0.000000
 0.037895  0.000000  0.031579  0.185263  0.016842  0.008421  0.000000  0.006316  0.027368  0.000000  0.000000  0.002105  0.296842  0.018947  0.124211  0.187368  0.014737  0.042105  0.000000  0.000000
 0.000000  0.000000  0.010526  0.147368  0.000000  0.115789  0.021053  0.014737  0.031579  0.000000  0.008421  0.021053  0.280000  0.071579  0.109474  0.141053  0.027368  0.000000  0.000000  0.000000
 0.065625  0.003125  0.059375  0.156250  0.009375  0.090625  0.021875  0.000000  0.071875  0.050000  0.000000  0.006250  0.075000  0.003125  0.128125  0.178125  0.056250  0.000000  0.012500  0.012500
 0.012739  0.000000  0.010616  0.114650  0.002123  0.025478  0.002123  0.000000  0.110403  0.057325  0.036093  0.002123  0.371550  0.095541  0.089172  0.029724  0.036093  0.004246  0.000000  0.000000
 0.114846  0.000000  0.002801  0.084034  0.002801  0.109244  0.067227  0.000000  0.019608  0.092437  0.000000  0.036415  0.142857  0.084034  0.103641  0.092437  0.044818  0.000000  0.000000  0.002801
 0.143469  0.012848  0.034261  0.025696  0.000000  0.104925  0.010707  0.000000  0.044968  0.002141  0.000000  0.023555  0.096360  0.014989  0.049251  0.312634  0.115632  0.000000  0.008565  0.000000
 0.079727  0.000000  0.000000  0.000000  0.004556  0.189066  0.000000  0.006834  0.045558  0.004556  0.000000  0.000000  0.391800  0.129841  0.047836  0.000000  0.045558  0.054670  0.000000  0.000000
 0.000000  0.000000  0.000000  0.189474  0.000000  0.101053  0.000000  0.000000  0.021053  0.000000  0.000000  0.012632  0.435789  0.000000  0.181053  0.000000  0.000000  0.058947  0.000000  0.000000
